1.069172682148218145e+00
8.350652296170592015e-01
7.287498992070555737e-01
6.581147375971079239e-01
6.009942553445696278e-01
5.563013286013156478e-01
5.161444501563906551e-01
4.785886963196098742e-01
4.452948411948978724e-01
4.179902077697217333e-01
3.942830233976244991e-01
3.718382237531244749e-01
3.492388568334281462e-01
3.236543662257492793e-01
3.041007597845047927e-01
2.851266865017824115e-01
2.625101308761164653e-01
2.476264038450084748e-01
2.288478393948636946e-01
2.139564101365394877e-01
1.958350068296305924e-01
1.807401515219360655e-01
1.679967967917211369e-01
1.548463949769502412e-01
1.432186931292293575e-01
1.333264289785409396e-01
1.259894539327127971e-01
1.197119251540861989e-01
1.167707228128449098e-01
1.138622411621035974e-01
