1.496538908123969946e+00
1.257998045879602511e+00
1.146439006930589644e+00
1.095848687407374289e+00
1.059380434823036232e+00
1.029195302659273059e+00
1.004549385365843817e+00
9.767368407040833977e-01
9.582664603412150983e-01
9.425074189394712088e-01
9.286693536251783287e-01
9.149164662480354648e-01
9.021934506341815485e-01
8.881664996087551556e-01
8.808592478379607682e-01
8.674960011214017941e-01
8.568784933090209943e-01
8.401622610181570527e-01
8.321849884554743948e-01
8.175077314525842631e-01
8.011071323052049165e-01
7.911748012885451153e-01
7.759259826585650499e-01
7.611166337728499931e-01
7.434809941619634488e-01
7.278668548434972241e-01
7.116137386247515240e-01
6.960380281150341242e-01
6.869022204510867313e-01
6.795899570740759899e-01
