1.761601435124874104e+00
1.562190455317497229e+00
1.549602791261672996e+00
1.530674070775508877e+00
1.498226171290874431e+00
1.475548240065574612e+00
1.454539830613136298e+00
1.432932049363851545e+00
1.418241293960809779e+00
1.400847774267196755e+00
1.390578488349914599e+00
1.379888338118791635e+00
1.367536048835515938e+00
1.360217748552560835e+00
1.349348247718811011e+00
1.337980837726592931e+00
1.329394348561763861e+00
1.316805605852603867e+00
1.302767693603038790e+00
1.295108445727825242e+00
1.279733602273464221e+00
1.273384560090303319e+00
1.256879824048280803e+00
1.242287492871284593e+00
1.230280000776052374e+00
1.218111183929443397e+00
1.200011553645133899e+00
1.192383873623609647e+00
1.175867653366923227e+00
1.168693618550896707e+00
