1.395911455857753669e+00
1.235713104736805068e+00
1.144744067624211326e+00
1.076060488390922609e+00
1.011772379270196032e+00
9.715176198184489742e-01
9.266147161453962555e-01
8.854524700559676109e-01
8.517675985291600638e-01
8.144459471218288282e-01
7.861138152942060975e-01
7.514922330245376036e-01
7.213985654670744818e-01
6.938584349561482956e-01
6.661867645502090873e-01
6.298230365678667564e-01
6.092061093773692981e-01
5.818210175462067424e-01
5.511680436317808462e-01
5.301910962749272205e-01
5.055666309557854676e-01
4.742365922626107788e-01
4.432025669872760587e-01
4.220217605788260662e-01
4.013453226396814233e-01
3.774004172056913409e-01
3.547824192937463761e-01
3.351189949912484756e-01
3.251082921743392862e-01
3.225487162891309545e-01
